20
20
20
20
20
20
20
20
20
20
20
20
20
20
20
20
20
20
20
20
20
20
20
20
20
20
20
20
20
20
20
20
20
20
20
20
20
20
20
20
20
20
20
20
20
20
20
20
20
20
20
20
20
20
20
20
20
20
20
20
20
20
20
20
20
20
20
20
20
20
20
20
20
20
20
20
20
20
20
20
20
20
20
20
20
20
20
20
20
20
20
20
20
20
20
20
20
20
20
20
20
20
20
20
20
20
20
20
20
20
20
20
30
30
30
30
30
30
30
30
30
30
30
30
30
30
30
30
30
30
30
30
30
30
30
30
30
30
30
30
30
30
30
30
30
30
30
30
30
30
30
30
30
30
30
30
30
30
30
30
30
30
30
30
30
30
30
30
30
30
30
30
30
30
30
30
30
30
30
30
30
30
30
30
30
30
30
30
30
30
30
30
30
30
30
30
30
30
30
30
30
30
30
30
30
30
30
30
30
30
30
30
30
30
30
30
30
30
30
30
30
30
30
30
30
30
30
30
30
30
30
30
30
30
30
30
30
30
30
30
30
30
30
30
30
30
30
30
30
30
30
30
30
30
30
30
30
30
30
30
30
30
30
30
30
30
30
30
30
30
30
30
30
30
30
30
30
30
30
30
30
30
30
30
30
30
30
30
30
30
30
30
30
30
30
30
30
30
30
30
30
30
30
30
30
30
30
30
30
30
30
30
30
30
30
30
30
30
30
30
30
30
30
30
30
30
30
30
30
30
30
30
30
30
30
30
30
30
30
30
30
30
30
30
30
30
30
30
30
30
30
30
30
30
30
30
30
30
30
30
30
30
30
30
30
30
30
30
30
30
30
30
30
30
30
30
30
30
30
30
30
30
30
30
30
30
30
30
30
30
30
30
30
30
30
30
30
30
30
30
30
30
30
30
30
30
30
30
30
30
30
30
41
43
48
44
43
46
52
44
46
41
48
55
61
53
45
55
53
53
51
54
48
56
54
54
62
54
53
59
52
49
58
72
50
55
61
51
50
68
60
48
60
63
57
49
51
69
66
58
71
59
54
67
56
59
72
63
76
70
55
70
60
57
55
53
59
69
58
63
57
56
61
62
65
65
63
59
60
77
64
73
63
71
75
68
72
66
79
70
76
71
65
72
71
68
78
71
72
59
74
61
75
67
65
68
81
70
70
73
72
80
65
64
66
60
66
65
62
69
60
57
66
72
76
52
68
73
78
69
68
64
68
77
79
59
64
71
70
68
74
77
56
67
64
71
64
68
51
67
64
67
65
57
70
65
67
66
71
61
70
68
73
63
64
65
63
64
63
72
60
67
64
66
71
53
65
63
60
64
66
60
74
64
53
63
62
67
58
63
70
68
63
64
59
67
64
62
66
68
64
67
63
70
66
63
56
58
67
52
72
64
57
54
54
52
68
57
73
61
68
67
62
57
60
70
51
65
56
55
59
62
58
57
66
56
67
62
57
72
68
61
59
62
58
61
54
51
56
72
59
67
57
61
63
63
70
66
52
60
52
63
62
53
50
64
55
66
64
57
65
69
63
59
51
61
55
57
58
60
72
65
56
64
59
52
52
69
60
52
63
57
57
56
63
64
58
63
53
56
51
61
56
51
54
64
57
60
55
59
63
57
61
59
57
51
48
59
50
56
45
50
61
52
53
51
61
53
54
53
58
51
56
57
58
62
60
57
63
52
51
56
49
67
54
63
53
54
48
59
56
48
52
65
55
54
59
56
57
54
59
56
51
48
61
56
53
50
54
48
70
64
49
58
58
53
59
67
61
48
64
52
56
59
62
58
52
54
55
66
48
48
56
64
50
57
54
67
63
50
67
60
56
61
52
60
54
59
55
53
55
46
55
46
55
52
55
51
46
63
55
44
48
45
65
52
48
53
56
45
46
49
67
56
49
51
53
50
64
54
50
50
51
56
54
47
50
54
53
60
51
53
59
48
50
46
56
49
54
56
57
51
41
57
48
44
47
56
50
53
56
52
53
57
55
56
55
51
55
57
63
46
54
58
49
54
49
49
54
54
50
51
47
45
56
51
53
49
50
51
54
46
49
57
46
54
51
51
42
51
46
49
52
43
48
59
44
48
49
52
49
51
46
50
57
56
48
54
52
51
53
51
48
54
55
51
43
52
46
62
46
48
51
39
49
55
44
50
53
52
47
53
55
51
43
47
48
49
42
55
50
41
52
45
59
54
45
49
43
46
48
50
60
45
47
47
45
51
53
52
47
47
47
40
49
51
47
47
49
42
48
44
57
61
44
44
45
38
40
47
46
44
42
46
46
44
48
55
40
44
41
49
50
48
48
40
44
47
37
49
39
41
47
50
51
41
51
43
41
42
40
42
43
50
42
49
45
47
50
37
43
43
43
51
38
52
54
56
43
57
44
42
47
43
54
51
45
45
43
48
42
43
47
42
44
44
39
41
40
41
47
40
41
39
40
48
49
38
39
43
42
43
43
50
45
39
45
42
42
52
46
53
43
40
42
45
39
45
59
51
44
42
45
55
40
50
41
42
46
56
43
41
46
44
49
38
36
38
39
41
48
45
43
46
40
43
46
43
39
47
57
41
50
40
46
48
48
43
46
39
40
45
44
44
43
54
41
42
38
46
41
44
51
42
42
43
39
34
44
37
44
45
42
36
45
38
44
43
40
47
41
39
42
46
37
52
48
40
40
40
44
44
43
41
46
48
42
46
51
47
47
42
41
38
39
43
46
49
40
43
40
39
40
39
36
42
52
47
37
43
45
44
40
47
46
42
41
41
45
49
46
40
46
51
42
45
41
42
41
47
37
41
39
43
51
40
44
44
74
77
56
41
41
49
45
42
44
41
47
45
44
43
42
38
44
44
49
39
47
39
38
51
41
49
40
43
43
47
40
49
36
41
52
46
39
39
46
39
44
41
38
39
42
36
43
43
42
38
49
41
43
45
42
39
40
39
41
42
37
47
45
42
40
36
42
43
36
50
47
39
49
40
39
41
43
39
46
40
39
41
46
36
36
46
39
38
39
45
37
37
38
40
40
41
47
42
50
37
40
42
46
46
40
43
38
43
38
44
42
40
43
40
43
40
38
38
37
39
36
43
37
47
39
38
36
41
35
43
35
39
40
45
37
42
49
42
41
43
40
40
50
32
44
38
43
40
39
47
41
42
54
39
36
41
45
43
40
38
41
44
41
45
42
39
43
37
40
43
36
47
46
44
41
40
35
40
40
39
52
41
41
44
40
43
44
41
40
41
44
42
44
36
42
43
43
40
41
36
37
41
51
37
33
43
43
43
38
51
40
57
43
39
43
35
42
41
37
38
42
44
39
36
41
39
39
43
39
38
44
47
47
39
45
36
39
38
41
41
44
50
41
42
42
38
53
38
38
48
47
43
40
38
38
38
40
41
38
43
46
42
43
45
44
49
47
41
39
45
55
43
43
53
43
40
40
46
46
41
40
53
41
42
44
35
38
43
45
43
38
38
43
43
44
49
43
49
49
43
46
48
44
43
39
40
40
38
53
42
43
42
43
46
42
40
45
40
40
49
43
38
40
44
39
40
53
34
47
44
43
52
38
42
41
37
42
38
40
41
43
44
37
44
52
48
36
42
44
41
37
42
36
49
47
40
39
44
43
41
46
43
43
51
38
39
48
40
43
40
42
43
48
47
46
42
39
37
50
43
44
49
55
43
40
45
50
46
42
47
47
42
48
46
37
46
48
41
46
38
40
46
49
43
44
44
43
41
40
47
41
43
44
56
45
47
39
47
48
45
49
43
48
40
48
47
41
46
42
45
46
44
45
50
44
48
44
45
42
40
44
48
46
41
49
46
45
50
45
47
46
50
49
51
51
50
44
47
42
45
47
42
45
48
41
42
48
53
38
48
51
47
47
48
45
47
46
40
42
43
44
43
44
50
49
45
47
42
54
53
45
52
50
53
46
49
46
46
46
53
48
48
45
44
51
44
53
51
44
47
52
43
40
49
46
48
48
46
49
46
47
46
41
47
53
45
46
53
48
54
51
46
46
54
59
52
46
46
53
55
56
49
50
46
51
45
50
53
43
51
47
43
45
50
48
44
51
52
45
48
45
48
48
44
39
51
56
42
52
46
49
54
47
49
46
51
44
51
46
51
46
45
49
50
50
48
45
46
57
48
50
50
47
50
53
53
53
49
51
54
49
57
48
47
46
59
59
44
52
48
52
59
55
60
57
46
49
48
53
51
58
49
56
50
50
47
52
51
50
56
47
54
51
52
53
54
50
48
50
45
48
52
46
52
53
50
51
54
49
48
50
49
52
57
50
51
50
55
46
51
55
50
49
48
68
49
52
47
50
53
45
50
50
57
57
49
56
53
56
45
53
60
54
63
55
52
64
62
56
52
52
52
50
49
56
51
55
49
57
49
52
53
60
56
46
50
56
52
53
52
59
52
52
51
51
47
55
57
64
51
54
60
48
55
58
61
53
52
50
60
56
66
54
54
56
56
54
53
52
51
55
60
56
58
49
60
57
53
57
53
57
63
57
53
53
58
66
51
53
59
50
57
54
57
54
53
50
53
51
55
63
62
58
59
60
54
59
50
54
55
52
52
56
55
50
52
60
57
54
56
51
62
61
55
67
63
55
48
59
52
63
65
53
51
51
52
58
53
58
62
64
55
52
59
61
54
65
59
60
54
62
58
66
61
64
69
62
61
63
65
59
51
58
58
67
58
51
55
58
53
61
62
61
66
63
60
56
70
49
58
60
54
53
58
68
55
62
54
60
55
56
65
58
57
65
55
65
62
62
61
54
57
53
60
66
61
61
65
54
73
63
59
67
53
57
63
72
67
60
58
68
57
62
64
62
65
63
62
57
55
57
72
60
58
71
62
66
65
59
76
67
57
63
66
64
65
69
59
70
50
75
62
67
68
62
62
65
64
65
60
65
70
56
68
75
54
70
57
54
71
61
58
55
73
60
66
65
60
57
64
60
65
64
65
57
66
63
72
70
63
64
65
73
71
58
63
60
78
62
52
65
69
61
61
62
58
52
58
69
64
67
69
60
64
64
63
71
65
67
71
61
67
70
65
63
65
60
73
65
70
62
60
59
64
65
55
65
62
64
66
73
70
68
72
59
57
65
60
68
55
69
62
77
63
66
60
87
74
84
65
65
65
72
61
60
63
75
62
57
58
66
60
65
65
66
71
61
62
75
65
62
82
70
58
62
67
72
67
68
67
57
61
68
65
70
61
83
70
69
64
62
64
77
60
68
65
72
63
71
63
62
65
74
71
68
63
67
61
56
56
53
55
73
69
64
72
72
59
67
69
73
72
72
67
65
81
67
75
66
67
78
69
78
63
78
79
65
74
69
74
68
62
69
70
68
62
75
68
77
76
56
66
69
61
71
72
65
67
67
67
73
59
70
73
76
65
67
63
61
74
72
67
67
69
59
80
68
66
94
80
65
72
75
75
76
69
65
66
75
77
77
68
65
69
62
69
74
74
58
70
70
68
67
74
73
70
59
84
69
66
80
70
64
69
65
59
66
59
72
71
76
73
63
75
65
79
74
81
68
76
71
75
66
67
72
74
77
70
73
73
73
68
70
61
66
63
67
67
74
69
58
67
68
67
66
74
64
72
79
70
66
64
73
76
72
76
82
63
66
68
66
74
74
68
69
67
68
68
77
78
80
71
72
72
75
87
72
68
73
73
66
71
71
72
70
81
74
67
80
62
71
71
71
79
68
71
63
74
69
71
74
70
61
71
78
79
68
67
74
84
74
74
82
66
67
70
67
77
69
78
84
76
75
66
69
74
77
75
80
68
78
68
71
74
75
72
71
65
75
70
72
84
74
69
65
79
77
79
69
74
78
72
71
72
64
87
71
63
64
69
73
71
71
81
65
79
65
83
72
69
67
82
76
68
68
70
76
78
64
69
69
80
79
73
86
75
88
77
80
73
72
62
79
71
69
75
75
71
74
70
69
67
61
68
63
69
70
64
67
70
65
72
73
77
74
57
72
76
70
68
75
71
71
76
74
71
83
67
77
68
72
76
73
81
72
79
73
80
64
76
80
69
71
71
75
67
69
82
73
67
76
72
68
81
78
74
73
70
68
76
81
73
70
58
77
65
68
74
81
70
71
70
73
74
64
80
69
70
80
82
66
77
71
71
68
75
70
80
65
82
85
68
73
74
66
65
77
78
67
85
78
77
72
70
67
74
84
70
63
80
72
79
64
80
86
64
93
71
71
75
63
73
63
77
68
73
84
69
75
79
76
74
72
73
69
66
91
74
78
71
72
74
79
66
81
91
75
83
69
66
65
81
77
65
77
69
68
65
69
76
76
75
70
68
75
72
64
74
73
81
75
77
72
74
71
69
63
70
77
66
69
73
72
84
67
71
77
71
79
74
71
73
75
74
74
77
81
76
72
80
73
81
65
71
70
88
81
78
85
70
67
76
81
68
65
72
78
68
63
87
56
78
81
77
72
68
85
72
72
78
77
66
88
79
67
69
75
83
68
67
69
73
78
69
78
73
89
70
73
77
78
90
69
80
69
70
71
76
82
68
85
65
65
67
73
63
74
78
66
70
78
75
76
70
77
75
84
65
74
65
70
71
64
80
74
80
83
66
73
74
82
71
71
82
76
83
75
87
67
70
75
73
77
69
78
82
76
65
86
74
79
65
71
73
81
79
75
74
66
81
69
81
80
89
91
80
73
84
78
83
78
78
83
69
72
85
81
72
81
81
86
68
75
82
89
77
77
76
72
67
73
80
74
77
80
73
72
76
68
81
86
75
85
96
73
81
86
82
81
82
79
83
75
77
73
88
74
74
78
75
73
82
61
80
72
69
76
77
70
76
75
79
70
81
80
85
76
83
73
74
75
77
72
83
78
83
80
70
83
71
81
78
76
76
78
72
81
66
75
83
69
80
76
74
64
72
79
65
76
71
67
90
81
78
80
74
75
78
79
80
96
85
81
84
81
72
85
77
71
62
82
81
81
74
73
75
76
82
71
71
86
69
73
68
85
77
82
73
72
70
90
81
79
75
72
80
71
84
74
70
76
64
80
78
77
81
83
79
84
74
68
66
76
83
93
86
79
75
73
75
89
82
85
78
84
95
79
74
68
87
77
82
67
71
84
68
76
86
72
73
79
90
69
71
73
89
73
85
65
69
87
88
88
89
77
74
79
75
80
74
73
72
68
80
75
79
68
69
76
71
70
76
75
80
81
76
79
71
80
83
81
71
75
90
74
83
74
80
79
77
74
81
79
81
71
69
70
79
80
78
72
74
81
91
75
71
84
79
87
76
84
78
77
76
75
77
73
82
81
78
86
92
77
75
81
74
82
85
76
88
90
73
71
66
83
80
89
92
74
80
81
77
77
91
82
75
67
89
83
86
74
83
77
79
82
79
94
84
71
92
85
83
92
72
83
76
85
77
74
89
91
76
72
67
76
73
84
71
85
79
82
77
76
90
75
82
75
77
84
74
59
80
76
63
72
76
63
91
72
80
74
83
78
86
84
73
91
78
83
79
84
81
81
86
77
82
77
71
72
87
86
75
80
74
75
87
90
88
72
78
81
81
87
71
81
74
89
75
79
89
79
77
86
96
78
84
83
87
74
82
102
100
83
87
77
88
83
99
76
83
92
85
86
86
79
82
94
92
76
74
90
79
66
81
75
80
84
77
81
70
79
77
98
84
77
80
85
79
86
78
72
79
84
77
84
79
73
90
78
75
83
79
71
78
87
84
85
87
99
80
77
76
72
94
75
91
74
74
85
80
85
76
94
87
76
79
74
72
92
85
94
87
87
76
82
70
77
88
85
77
85
80
85
80
90
78
88
82
87
82
83
83
73
79
89
76
86
79
81
80
79
89
82
78
80
86
90
82
88
89
100
84
87
80
79
80
82
77
88
81
80
83
75
88
85
85
94
80
85
79
73
79
70
71
91
86
91
89
81
84
91
73
85
89
70
88
95
83
78
80
85
74
82
91
76
81
87
83
104
90
88
93
98
89
94
89
82
78
95
90
80
84
88
94
71
80
91
73
93
86
86
81
82
83
86
92
81
85
97
93
86
94
81
78
84
87
80
79
96
91
85
84
94
83
78
95
90
82
88
92
83
92
99
90
94
80
91
73
96
89
82
95
93
96
92
95
89
99
88
84
94
93
95
80
94
105
89
81
96
71
92
92
86
84
81
92
95
89
92
89
101
84
85
86
106
96
91
86
88
76
79
93
96
92
90
86
98
81
87
89
80
86
102
88
94
83
86
78
82
85
95
81
79
76
79
90
89
86
83
96
76
84
87
81
77
93
98
77
91
84
90
87
93
101
83
85
97
102
95
92
91
86
99
95
89
100
90
70
85
83
82
83
95
98
99
101
92
98
97
98
98
84
97
84
88
100
105
103
94
92
98
96
100
94
86
94
84
95
92
93
112
81
85
97
82
92
108
109
95
98
94
97
100
97
96
95
102
103
90
88
95
113
88
94
82
96
91
100
98
102
105
96
95
105
97
100
90
98
95
94
95
91
87
84
97
97
101
91
107
89
87
99
98
91
93
99
90
89
104
96
94
96
92
94
87
108
76
84
90
101
88
88
87
92
97
90
100
95
93
87
87
103
89
108
90
93
92
86
92
100
86
85
94
102
88
99
102
94
103
98
93
111
92
90
99
84
85
88
92
80
93
105
98
100
82
89
94
91
94
102
100
90
94
84
83
89
85
95
85
102
92
95
94
81
92
97
85
85
85
89
96
88
97
96
91
105
95
91
103
92
94
96
81
95
104
92
101
111
85
106
101
94
88
94
100
90
94
87
97
97
98
91
106
81
93
105
86
101
94
83
98
84
104
102
86
96
90
104
111
91
102
96
86
88
96
98
117
125
108
86
103
84
91
95
102
92
102
91
98
119
101
89
105
108
108
95
101
106
119
93
97
83
104
91
91
88
84
107
97
99
98
102
92
98
103
91
112
113
85
105
94
106
101
110
99
85
91
102
101
109
93
104
110
84
88
86
96
90
107
88
90
90
104
97
102
101
91
97
100
92
101
98
94
111
105
89
90
106
105
99
87
112
96
95
99
77
98
113
94
90
102
88
92
90
87
86
103
96
96
87
94
90
88
94
81
89
95
88
91
102
91
97
101
87
118
110
93
98
104
91
102
90
98
96
96
93
88
85
87
100
94
93
89
105
101
104
95
84
85
93
102
102
97
100
89
77
89
97
94
90
110
88
91
102
97
104
95
103
97
101
100
100
103
107
89
112
91
87
104
115
88
96
81
110
105
96
97
90
86
96
103
95
90
109
94
99
101
98
89
103
103
107
91
97
107
103
104
91
90
101
104
93
89
99
93
91
96
96
108
95
95
95
86
89
101
111
102
87
98
100
107
112
99
101
95
95
98
113
97
105
109
95
100
112
120
101
126
99
112
96
108
92
99
117
109
109
92
113
102
97
111
117
87
103
111
94
105
121
102
104
109
100
88
98
102
105
100
107
121
89
103
105
103
94
98
114
109
117
95
96
86
96
92
111
108
94
105
88
94
113
91
105
116
106
105
92
97
111
86
98
110
94
104
87
98
92
96
98
110
97
93
105
123
114
92
102
111
112
101
99
89
88
94
107
93
91
89
103
102
109
96
98
100
106
98
107
121
105
106
117
127
107
115
103
125
121
115
111
124
100
99
96
104
110
102
113
110
106
101
99
111
105
113
95
104
106
94
84
100
102
85
107
101
110
98
115
120
110
98
101
90
99
101
101
118
89
106
116
111
111
114
109
106
93
111
105
115
99
107
122
109
89
117
105
109
112
110
107
119
89
121
128
101
100
127
105
102
115
126
101
107
108
111
109
96
114
100
102
109
126
109
102
120
103
113
126
106
128
100
134
96
111
104
100
113
111
107
102
126
117
112
115
119
126
107
114
129
108
107
120
117
121
113
98
119
108
95
97
108
100
114
105
113
104
103
133
114
120
111
106
114
84
102
130
110
108
104
107
94
109
109
97
98
113
96
114
102
118
102
97
99
122
121
112
119
119
104
113
125
102
107
103
99
113
110
116
104
101
91
106
102
106
104
111
115
116
112
123
98
115
114
99
110
98
111
112
114
110
113
108
97
105
110
103
117
106
107
96
89
106
104
103
102
100
106
115
104
120
103
110
116
92
100
107
128
112
99
101
105
105
110
118
119
122
108
112
125
110
97
113
108
113
108
102
91
112
114
106
111
107
113
118
109
112
124
127
131
105
105
105
109
105
105
109
120
108
106
122
105
117
102
130
107
130
101
102
88
110
107
99
115
110
106
97
112
121
116
100
104
124
103
104
103
107
88
97
105
96
127
118
112
90
113
118
118
97
109
94
126
110
116
116
118
126
123
127
118
104
105
109
112
120
123
115
105
114
113
115
113
102
109
108
107
105
119
105
118
116
118
120
115
105
106
113
100
116
111
108
126
100
106
97
113
98
105
114
127
106
126
101
102
107
114
111
101
115
101
99
102
103
123
106
95
105
114
108
120
119
98
113
115
109
116
110
117
96
100
113
102
126
126
114
123
112
119
115
113
112
134
125
110
99
106
134
98
134
109
112
109
104
111
120
103
97
99
112
106
100
120
113
78
100
118
90
104
96
97
104
92
105
102
108
105
98
111
114
100
110
97
109
104
97
101
93
105
100
119
109
93
129
105
89
97
112
100
99
98
97
119
99
105
107
110
102
135
111
124
104
105
98
102
113
98
110
111
109
94
109
108
116
120
108
103
130
103
116
112
102
130
99
110
116
129
119
108
113
119
99
115
125
96
118
120
103
110
101
101
106
106
104
122
116
109
96
107
102
94
96
106
111
121
111
118
113
107
102
114
98
97
106
104
111
96
101
98
112
101
96
99
115
108
112
107
110
107
109
101
108
107
93
101
119
105
101
111
106
105
104
103
102
108
104
87
105
103
119
100
99
105
104
101
102
111
98
118
111
108
109
91
110
105
102
109
106
106
102
98
89
115
111
91
99
98
116
106
105
106
103
108
109
105
95
97
96
97
111
109
114
98
100
120
99
105
105
105
113
102
104
103
97
105
110
112
112
102
107
110
115
93
88
97
100
122
96
102
100
110
91
104
103
97
113
94
109
102
104
102
103
116
108
118
105
106
95
108
93
99
98
108
104
92
96
128
94
96
99
92
104
93
107
96
107
107
108
108
104
97
101
100
114
95
106
98
107
93
120
107
88
104
108
90
120
107
101
88
112
90
112
102
87
95
93
103
104
108
90
94
94
87
94
92
95
99
90
89
102
89
92
95
108
79
107
83
91
98
99
88
97
84
88
96
109
95
89
106
108
103
94
86
98
90
79
95
83
92
91
96
73
102
67
91
92
86
94
94
92
101
100
90
99
95
93
102
91
90
96
98
101
99
99
92
98
108
89
90
80
92
107
98
92
95
83
84
97
68
84
83
94
85
91
81
77
92
86
91
87
81
97
94
91
78
93
84
82
82
79
81
82
97
90
80
86
82
90
89
97
85
81
80
80
96
94
92
85
92
90
86
77
84
82
80
101
97
89
85
91
96
82
91
80
81
73
81
80
88
81
91
76
80
87
75
78
82
87
87
75
91
75
82
89
93
81
90
106
83
83
75
81
85
90
80
81
77
77
94
82
77
91
90
81
76
79
92
86
76
80
72
78
79
81
81
77
72
76
82
85
74
83
84
84
85
86
82
82
77
74
79
76
93
66
79
67
81
85
89
78
84
86
71
80
75
78
71
70
69
75
75
81
79
79
79
71
71
80
75
86
78
80
92
90
77
