28
23
23
25
26
26
28
24
23
25
25
23
21
27
21
23
24
21
25
25
25
24
22
23
21
26
24
26
22
25
20
26
30
25
26
26
27
24
27
25
26
25
26
29
27
26
24
30
23
27
26
28
27
27
27
28
28
25
27
26
28
27
28
28
25
23
26
27
29
29
25
30
29
31
29
31
26
30
31
28
31
32
31
35
33
32
28
35
29
33
30
34
34
37
32
37
35
32
35
36
40
39
37
36
34
38
37
40
42
38
45
41
38
43
46
43
46
45
47
43
47
48
46
46
48
45
46
47
50
52
53
49
52
51
52
53
53
54
55
56
56
55
55
60
57
60
57
62
61
61
64
64
64
66
66
63
71
67
68
66
69
73
73
74
73
73
70
73
72
68
69
71
68
66
67
66
64
67
62
61
60
58
62
60
56
57
55
57
51
53
55
52
53
51
51
49
50
53
49
53
49
50
48
46
48
48
48
43
42
43
43
41
41
44
41
41
41
40
40
36
39
37
40
38
38
35
39
41
34
36
35
32
31
35
34
33
37
32
35
31
31
33
35
32
31
30
32
28
27
30
30
29
28
30
25
31
28
32
32
27
29
28
28
27
29
32
31
26
26
26
25
29
27
29
26
30
27
24
25
27
25
27
24
27
24
26
27
31
27
26
25
23
26
26
25
24
29
23
24
24
25
25
25
29
25
20
25
30
27
27
27
20
23
22
24
24
28
25
29
24
25
22
25
24
26
24
25
20
24
25
25
25
23
28
24
27
25
27
29
26
27
29
25
25
23
25
25
24
24
27
22
24
25
29
25
28
25
26
26
27
25
26
28
24
24
26
24
28
22
22
24
25
28
25
23
26
22
26
25
29
22
25
23
25
22
25
25
24
25
22
25
25
28
26
25
26
27
25
28
29
29
24
25
24
28
26
25
29
23
25
23
25
25
25
23
21
24
24
25
29
25
25
25
22
24
25
24
24
23
26
24
26
25
28
24
22
27
24
24
25
25
25
23
25
27
23
25
26
25
25
25
23
20
24
25
25
28
26
25
23
25
25
25
26
27
21
23
22
23
25
26
25
27
29
27
25
26
24
25
25
25
25
25
26
28
23
26
23
28
28
24
25
21
25
25
23
26
24
25
27
21
25
25
25
25
29
24
25
25
25
25
24
27
23
24
25
25
21
27
25
24
25
27
21
23
20
25
26
25
25
25
28
25
26
26
26
25
22
28
26
21
25
24
26
26
23
27
23
24
25
25
28
23
25
28
25
24
26
28
25
25
25
25
25
26
26
25
22
25
24
28
25
25
25
26
26
27
25
25
21
25
24
23
25
25
25
25
29
25
22
29
30
25
22
26
25
26
29
24
24
25
25
24
25
27
20
25
26
24
26
28
22
27
24
24
26
24
25
24
22
25
25
25
26
22
26
27
27
26
24
28
27
29
30
27
29
26
28
27
28
23
31
26
28
30
25
28
30
30
33
33
34
29
36
30
32
33
30
33
33
37
34
36
38
37
37
34
38
37
37
39
38
41
42
44
44
47
46
44
44
47
49
49
49
47
53
57
51
57
54
55
59
59
63
62
63
62
69
65
70
69
70
74
72
75
75
77
81
82
82
81
86
91
92
90
92
95
95
98
97
99
107
105
107
109
112
113
115
114
115
122
124
126
130
136
132
136
141
141
143
148
148
146
156
158
155
163
163
162
171
172
176
177
185
182
189
189
193
197
204
203
197
195
188
189
187
186
176
175
173
171
164
166
165
164
156
153
150
147
146
142
136
138
137
134
132
127
130
121
121
119
121
110
111
109
110
105
107
103
101
97
95
94
93
92
87
88
89
87
83
80
81
80
78
73
74
72
72
69
71
70
68
67
64
61
61
60
61
57
58
57
55
59
51
50
51
49
49
48
47
47
46
47
45
45
42
39
41
41
41
42
39
39
38
37
35
36
35
36
37
33
33
29
29
29
32
30
31
29
30
28
32
30
29
28
27
28
26
28
29
28
26
27
30
27
25
28
26
25
25
23
26
27
28
26
23
25
25
25
25
27
27
22
27
25
24
25
25
23
24
25
28
24
24
25
30
20
27
24
27
23
27
20
24
25
23
24
25
29
20
27
26
27
29
29
26
25
30
25
25
24
24
21
26
24
25
25
22
22
25
24
24
27
26
24
25
26
25
26
25
27
25
24
26
25
23
25
23
22
25
22
25
22
21
23
24
23
24
20
23
22
23
24
27
28
25
25
24
29
29
25
25
25
27
27
27
24
25
25
29
24
26
25
25
25
23
23
28
30
25
25
29
25
25
25
25
26
26
26
25
20
26
26
25
30
25
25
27
25
25
26
26
25
23
25
23
25
25
25
24
23
22
24
27
27
25
27
29
23
27
24
23
25
25
28
21
25
24
24
25
26
24
22
28
24
22
27
24
26
27
28
26
25
26
24
23
25
22
21
25
24
26
24
21
23
23
25
22
28
25
27
29
25
24
25
26
25
24
28
26
23
28
26
25
25
28
23
23
25
26
20
24
25
26
22
26
30
25
23
25
25
23
25
24
22
23
22
23
28
24
24
28
26
28
24
26
25
25
30
20
26
29
27
27
28
25
25
28
30
26
24
25
25
23
25
24
23
27
25
26
22
24
25
25
27
26
27
26
27
27
23
23
27
24
30
27
21
27
25
26
24
23
25
26
23
28
25
22
25
25
27
24
25
25
25
25
26
25
28
23
25
25
25
26
30
25
24
28
27
26
25
24
28
28
25
27
24
25
27
25
24
22
20
26
27
23
26
29
31
29
26
26
24
26
27
28
29
27
28
28
27
27
28
25
28
26
29
28
32
27
29
29
29
32
29
32
29
32
32
29
30
30
32
33
34
36
33
33
34
34
34
36
33
38
36
35
37
35
40
40
40
41
41
43
40
43
46
44
45
46
48
43
47
51
50
52
51
51
52
52
50
57
56
61
56
56
59
59
61
63
62
65
65
68
70
70
70
76
76
74
79
76
83
80
84
78
83
83
83
91
90
93
94
94
95
97
100
96
102
105
107
103
110
111
114
114
121
119
121
123
124
124
129
134
134
134
133
140
142
138
134
133
131
128
128
125
121
123
119
114
113
115
113
110
110
106
104
103
101
100
98
98
95
94
92
88
87
88
87
83
85
84
82
79
75
81
76
74
71
72
69
71
68
70
68
68
64
63
61
58
61
58
56
56
57
54
54
56
56
51
46
52
50
47
47
49
45
47
46
44
43
43
42
42
36
41
43
40
40
37
41
37
38
39
37
37
33
33
33
32
30
33
31
32
32
32
30
35
30
28
30
30
30
30
28
28
27
28
27
33
26
28
30
27
27
27
27
27
29
29
30
24
26
28
28
26
26
26
31
23
27
25
27
25
24
28
27
25
25
26
25
27
26
25
24
24
27
24
30
27
27
25
24
26
25
24
25
27
24
25
25
22
24
22
26
26
24
25
24
27
21
26
21
24
25
26
23
25
29
25
25
25
21
22
28
25
23
24
28
27
26
26
25
25
22
25
25
24
21
25
26
25
25
28
23
23
23
27
20
25
25
26
24
22
25
28
25
25
24
21
27
23
23
25
25
26
23
25
24
22
26
22
25
25
25
26
26
26
28
25
30
25
25
27
29
20
25
23
25
29
26
24
24
25
26
24
20
26
25
20
26
25
25
25
23
25
20
28
26
21
29
25
25
24
28
25
26
26
30
24
25
28
28
27
24
23
27
26
23
25
22
30
21
20
25
25
26
25
27
25
22
26
25
24
26
25
24
25
26
24
25
26
24
25
24
25
28
25
25
25
25
24
29
27
25
26
26
24
24
25
24
25
25
23
21
29
28
26
21
23
22
22
30
29
20
25
26
25
25
20
29
26
23
26
25
25
25
27
24
26
21
25
23
20
23
26
23
23
26
27
25
25
29
24
27
24
25
27
25
25
27
22
26
22
25
24
25
27
21
25
26
26
24
22
25
23
26
24
24
23
25
27
25
26
21
25
25
25
24
25
26
26
25
24
26
25
23
21
23
25
28
26
26
27
26
25
29
29
23
25
24
25
26
25
27
27
26
22
25
27
