63
59
60
61
59
61
60
59
63
65
63
64
63
67
69
70
70
66
66
66
67
67
63
62
61
62
61
61
61
62
57
57
57
55
56
56
55
54
53
54
51
51
52
52
52
56
55
58
59
61
61
64
64
62
58
59
57
58
58
60
58
57
58
58
57
57
57
56
56
55
52
52
51
55
50
48
44
47
47
46
46
45
42
45
44
44
47
47
49
49
45
45
46
46
43
43
39
41
41
45
43
43
42
42
41
43
46
44
41
40
41
41
39
40
37
37
38
35
39
39
40
38
36
36
37
37
36
34
34
35
35
35
32
34
34
34
34
39
38
38
35
31
31
31
32
30
28
27
27
28
26
26
26
26
30
34
32
32
32
32
34
34
36
36
35
35
36
40
41
41
45
42
41
45
46
43
39
41
43
43
43
40
42
42
41
41
41
38
38
41
45
45
43
39
35
35
38
39
39
40
40
37
34
32
33
34
36
36
39
40
39
36
36
36
34
33
32
32
33
33
33
33
31
31
31
34
35
34
34
33
34
34
35
34
32
32
31
31
31
33
33
37
37
38
38
38
38
37
38
37
34
34
36
38
39
37
36
34
35
39
39
38
38
39
39
39
40
40
41
41
38
36
38
39
38
35
31
28
32
32
36
32
34
32
28
29
29
29
27
27
31
27
25
24
24
24
22
24
26
27
28
25
27
27
26
26
27
28
28
33
32
32
28
30
32
36
36
37
37
38
40
40
40
42
45
46
44
44
44
44
46
41
41
39
36
35
37
38
36
37
39
37
42
42
41
42
41
39
40
40
39
40
40
39
39
40
45
45
43
47
45
48
48
52
56
57
58
56
58
58
59
58
57
57
61
60
57
58
58
58
58
59
60
60
60
61
58
60
58
60
61
61
61
61
59
58
57
56
58
58
54
54
54
51
53
53
51
51
51
49
46
45
47
46
50
50
49
49
47
47
51
50
49
50
48
52
53
53
52
54
51
50
47
47
42
42
46
44
45
47
47
47
45
42
40
40
40
41
41
41
42
45
47
48
49
49
49
49
49
48
47
50
49
47
50
51
49
49
50
50
53
53
51
55
54
58
57
56
52
49
48
52
49
49
50
50
52
55
55
53
55
52
52
52
53
53
53
51
48
49
50
49
48
47
49
49
46
48
48
44
45
48
49
46
45
45
45
48
49
45
44
44
45
48
48
43
42
43
44
44
46
49
48
47
47
49
52
54
54
54
56
56
56
56
59
58
53
54
55
55
54
53
55
60
58
58
59
61
63
63
63
63
63
63
62
62
63
63
64
64
64
64
65
65
65
63
67
68
72
69
70
70
67
69
69
69
67
67
67
65
63
63
66
68
67
67
67
67
70
69
69
69
71
71
73
75
76
76
76
79
80
80
78
79
79
80
81
80
79
76
74
74
74
74
74
75
75
75
77
76
76
74
74
74
70
70
70
74
74
71
72
76
75
71
71
70
70
70
68
71
71
67
68
71
68
67
67
68
67
66
62
61
61
62
59
60
59
62
61
61
65
67
68
68
69
66
65
64
66
67
66
66
66
66
65
60
61
60
60
61
62
62
62
63
58
55
55
57
56
56
56
56
56
58
60
61
62
64
61
63
61
61
61
63
62
61
56
55
55
56
57
57
56
56
56
56
55
54
54
55
57
58
59
59
59
56
56
56
55
54
54
54
54
56
56
57
57
61
62
61
59
55
51
52
54
57
57
59
61
60
60
59
60
58
60
56
52
52
52
54
54
54
54
53
53
56
54
52
51
51
55
57
55
56
59
57
56
55
54
57
55
54
53
55
55
53
54
54
54
54
51
52
53
55
55
53
54
53
51
52
50
45
47
47
49
48
48
48
49
49
51
50
51
52
48
50
51
50
51
50
48
48
45
44
44
47
47
49
45
47
46
46
47
47
48
48
47
47
46
47
48
48
45
45
45
46
47
47
44
46
47
47
47
46
46
46
46
45
45
46
44
39
39
39
35
35
40
39
40
38
38
42
42
44
43
42
42
44
42
42
42
43
43
42
45
47
47
47
46
47
52
51
52
53
55
55
58
56
54
56
58
58
59
56
56
56
58
62
63
64
63
62
64
65
66
65
66
66
65
66
62
67
67
62
62
62
65
67
67
66
66
68
71
76
74
76
76
80
79
79
76
73
71
73
71
71
71
71
72
74
75
73
78
78
76
79
76
77
75
76
76
76
76
76
78
80
80
75
75
76
79
83
81
80
79
79
79
77
74
74
76
73
72
72
72
73
71
72
69
64
62
65
65
63
67
67
67
66
65
68
68
68
67
67
69
69
67
68
72
69
69
68
67
68
68
68
68
68
70
69
67
68
66
65
66
66
71
73
75
76
74
74
74
74
74
74
72
72
77
81
79
75
74
74
72
72
68
65
65
63
63
66
62
60
60
59
59
59
64
61
58
58
59
61
60
59
61
65
68
66
68
68
70
72
70
71
69
69
67
65
62
61
61
61
58
60
65
62
62
59
61
61
64
62
62
62
59
58
59
58
60
61
62
64
64
65
68
69
66
67
71
71
71
72
70
74
76
74
75
74
73
71
70
72
72
74
77
76
79
79
79
79
76
76
75
75
73
72
72
72
71
70
72
74
78
75
74
77
78
78
83
83
79
83
81
84
88
90
93
88
92
92
92
91
90
90
93
96
100
103
105
105
106
107
107
108
106
107
107
107
108
108
109
110
112
112
109
110
110
110
110
115
114
114
113
116
116
111
110
109
109
109
109
112
111
110
105
103
103
102
102
102
103
101
101
102
100
101
101
104
106
106
105
105
101
101
96
98
99
99
99
99
96
94
92
93
93
95
92
92
89
89
86
87
88
87
84
84
84
85
83
84
84
83
85
85
86
89
89
89
92
95
95
93
94
94
94
94
95
98
98
99
99
102
101
101
103
108
106
106
105
106
106
106
107
108
107
107
103
100
101
101
102
100
100
100
105
105
104
108
103
105
107
105
105
104
103
104
104
102
107
109
109
107
109
110
111
111
115
114
111
110
110
109
108
111
107
107
108
104
105
103
104
107
104
104
104
104
102
100
96
95
97
100
100
99
99
96
96
96
100
100
100
103
101
103
103
103
102
100
100
99
100
103
103
103
100
100
101
101
106
109
111
112
113
113
114
111
109
109
109
109
108
104
103
99
99
97
99
96
97
95
95
92
90
86
84
86
86
86
85
86
87
88
85
84
84
84
82
79
81
81
85
87
87
89
88
87
87
87
82
82
80
84
84
85
84
87
87
87
85
87
89
92
92
90
92
90
90
86
84
84
83
85
85
85
87
89
88
89
89
94
91
90
89
88
88
90
87
87
86
88
88
87
86
86
84
85
87
87
86
84
84
84
86
87
87
86
88
88
89
88
90
90
89
91
90
88
88
85
83
84
86
86
86
85
89
92
92
91
95
97
102
105
105
105
105
104
105
106
106
108
110
109
109
109
111
109
111
111
110
110
110
106
106
106
107
107
108
104
105
104
103
102
102
99
99
97
94
94
93
96
96
98
99
103
102
101
99
103
102
100
100
99
97
99
96
93
92
92
92
92
93
93
94
95
93
92
89
90
94
94
93
93
96
96
96
95
95
95
93
93
95
95
94
92
92
92
94
94
95
95
96
97
97
97
99
95
95
96
94
92
93
95
93
89
91
87
87
88
89
90
90
89
88
88
88
88
88
91
92
92
92
91
89
88
89
89
87
86
84
84
84
82
80
80
80
80
77
76
76
75
73
77
77
78
76
76
76
75
73
72
72
74
74
74
73
73
73
72
72
71
72
73
71
66
70
73
73
74
75
72
71
71
66
67
66
69
70
69
69
70
70
73
74
79
77
82
83
83
81
84
84
85
85
85
87
87
87
86
86
86
85
85
86
87
83
86
86
83
82
83
87
87
87
92
90
87
88
88
87
89
87
89
88
90
88
88
90
88
86
89
89
87
90
88
84
84
87
86
86
85
85
87
82
86
89
89
94
93
92
96
94
93
94
92
92
94
95
96
94
94
97
97
98
97
97
98
98
101
100
102
100
103
106
106
106
106
106
105
105
105
106
108
105
110
112
110
109
109
