59
59
63
63
63
63
64
65
65
69
71
70
70
70
66
63
63
63
63
63
65
65
64
64
64
68
72
71
71
69
70
72
71
71
71
71
68
68
73
76
73
74
73
76
79
81
79
82
77
78
79
77
78
79
81
86
86
86
87
86
86
90
90
90
91
88
86
86
86
84
81
81
79
83
80
79
79
79
80
78
74
74
76
76
75
75
74
79
81
78
77
74
78
77
79
81
79
77
80
78
77
82
83
79
79
83
84
83
83
83
82
81
82
82
80
80
80
81
82
84
84
82
80
82
84
83
85
85
89
87
85
85
89
91
89
94
92
94
95
98
99
101
101
101
104
102
104
105
100
100
98
98
99
103
100
101
102
103
103
101
101
103
102
99
103
102
102
101
103
103
100
98
100
96
97
97
97
100
100
101
101
103
103
103
102
102
100
98
99
100
100
96
95
97
98
98
98
98
96
97
97
96
93
93
95
97
97
99
99
99
100
101
100
100
97
102
102
103
102
104
104
103
107
102
102
101
99
99
98
96
95
96
98
100
97
97
97
97
97
97
97
102
103
103
106
102
101
101
101
101
105
103
99
99
98
98
97
98
102
102
102
98
95
97
95
95
95
94
93
91
93
93
92
88
93
95
95
95
100
104
104
103
99
100
100
100
99
99
103
104
104
103
101
100
101
99
100
101
102
104
104
100
99
101
98
95
94
97
99
99
97
97
96
97
97
95
93
90
89
89
90
90
91
91
91
91
91
91
92
91
92
93
93
93
92
89
89
90
90
91
94
95
93
93
94
97
94
93
94
95
99
100
100
99
102
97
97
97
97
101
103
103
103
103
105
106
106
106
106
103
103
107
107
108
108
110
113
111
112
113
114
113
112
113
113
110
111
110
109
110
109
109
111
111
115
115
116
117
117
119
119
120
119
119
120
119
122
123
123
120
120
122
121
119
117
117
117
113
111
110
110
110
110
109
108
105
103
103
102
100
101
101
99
99
99
99
101
105
105
104
108
103
102
102
101
102
101
100
100
102
102
103
106
105
104
105
105
106
108
110
109
108
106
107
106
106
104
102
98
102
102
107
103
103
103
103
105
103
103
103
103
103
102
101
99
101
97
95
98
100
103
103
102
103
101
102
103
103
104
108
107
102
99
102
98
98
98
99
103
103
105
103
100
101
103
102
101
100
104
103
102
102
101
101
106
108
105
103
104
108
108
105
107
112
114
109
106
108
103
105
105
106
104
108
110
109
109
109
109
112
109
111
112
111
112
114
114
115
113
117
116
116
119
118
121
122
124
127
129
129
126
126
127
129
129
129
131
131
129
130
133
134
134
131
128
128
129
129
129
129
129
131
131
131
132
134
137
138
133
132
128
128
130
130
128
130
131
131
132
131
131
127
127
127
127
126
127
130
134
134
134
134
134
133
133
135
135
130
129
129
130
130
132
130
129
125
123
124
123
122
122
124
125
123
124
128
126
125
126
128
128
127
122
121
121
118
119
123
123
125
125
125
125
122
122
120
121
121
121
121
119
118
117
117
118
119
121
123
122
122
121
120
118
121
120
117
118
119
118
118
118
117
113
114
116
116
116
112
112
112
112
112
113
110
113
112
112
114
111
111
110
111
111
115
114
114
113
112
114
114
113
114
113
112
112
113
118
116
115
114
115
112
111
108
106
105
105
109
107
106
111
112
113
113
111
109
107
106
105
105
105
104
104
103
104
103
103
100
96
96
99
98
97
98
99
97
99
98
98
99
100
100
99
101
103
100
99
102
100
100
100
100
103
101
102
103
107
111
113
116
117
122
122
124
123
121
120
119
119
119
120
118
118
118
118
118
118
118
118
115
112
113
118
118
122
122
122
123
125
125
125
127
131
131
136
137
137
140
140
141
140
141
141
143
142
140
141
142
139
141
139
141
136
138
138
138
137
137
137
136
133
131
133
130
129
128
128
124
122
123
120
117
117
118
118
117
119
115
115
120
122
122
121
116
117
118
118
118
117
115
115
115
117
115
112
114
117
119
120
124
125
124
126
126
126
126
130
126
126
127
128
128
128
128
125
123
123
121
121
121
119
115
115
116
119
119
119
122
118
118
121
125
126
129
133
132
130
130
129
129
128
129
130
132
132
132
132
136
136
136
135
133
133
133
131
131
127
128
127
126
127
128
128
129
129
132
135
131
133
134
132
127
127
127
126
126
124
121
117
117
120
121
124
127
127
128
133
133
138
135
133
134
134
135
132
132
132
133
129
124
122
123
123
123
120
121
119
123
125
125
125
125
125
129
126
124
124
124
124
124
127
131
132
134
132
134
134
134
133
133
131
136
139
142
140
138
140
141
141
140
137
139
135
137
138
140
141
142
143
143
142
139
137
137
137
137
137
133
136
136
136
136
138
138
136
135
135
135
135
139
140
139
140
141
141
140
140
138
136
137
137
136
137
138
136
136
132
132
134
136
137
136
140
142
140
141
137
137
136
136
135
134
132
133
129
128
128
128
128
124
128
128
128
129
128
130
134
134
136
135
135
135
135
134
135
139
137
136
131
130
130
129
130
132
130
132
131
131
133
133
133
133
133
129
131
127
126
126
128
129
132
133
133
132
131
131
128
127
128
128
126
126
122
121
120
121
125
125
130
127
130
127
127
127
127
124
127
124
119
116
116
116
115
113
111
108
112
114
116
112
110
108
107
107
108
110
108
109
109
108
109
107
107
107
107
107
112
111
114
114
115
113
113
116
114
115
118
120
124
124
124
126
128
133
133
130
131
130
130
132
133
136
138
138
138
138
138
138
137
136
136
136
137
134
136
137
133
133
130
130
130
133
133
132
135
137
136
136
133
134
135
132
127
126
126
129
130
131
134
133
133
134
133
137
136
137
141
140
140
142
142
142
145
142
143
139
137
138
140
136
131
130
130
130
128
127
127
129
129
130
131
132
131
129
127
128
128
130
132
132
133
133
132
132
129
128
126
126
124
124
125
127
127
127
125
123
121
122
125
125
122
122
121
121
116
116
118
120
120
119
115
113
112
108
108
103
100
95
94
93
90
93
90
95
95
93
97
100
102
104
104
104
103
100
100
100
100
101
99
96
95
95
95
94
95
95
92
92
92
92
93
93
93
93
93
93
93
89
89
89
89
89
89
92
92
92
91
96
94
90
87
88
91
91
93
93
92
91
90
90
91
92
89
89
86
86
84
83
85
83
85
85
83
82
80
80
80
82
85
84
84
83
83
88
88
88
87
87
86
88
90
92
89
90
86
87
87
83
84
88
88
87
86
87
88
88
89
89
89
86
88
88
89
87
88
88
90
91
92
92
91
94
92
93
92
90
92
90
88
88
86
87
87
88
88
89
92
92
88
88
84
88
85
83
79
76
76
75
74
75
74
76
71
69
71
71
70
71
70
69
69
70
73
75
74
79
81
80
79
77
78
78
82
81
81
78
81
84
83
82
82
82
83
83
82
80
79
80
80
79
79
79
75
75
75
72
71
69
74
75
73
78
77
74
73
72
69
69
71
67
69
68
67
64
66
65
60
60
61
62
62
65
65
62
64
65
70
68
65
67
69
69
70
70
69
70
74
74
76
74
71
72
72
74
73
74
74
72
67
67
68
68
67
62
63
63
66
64
64
64
65
64
66
66
65
65
64
65
65
65
65
65
68
68
71
70
70
66
66
67
67
66
66
62
67
64
63
63
62
62
65
66
66
63
62
67
67
63
64
64
64
62
58
62
64
66
65
65
65
61
61
65
66
68
66
68
64
60
65
66
66
63
62
60
64
63
62
62
65
69
73
71
75
75
73
69
69
69
67
68
73
72
70
73
71
73
74
74
78
81
81
79
79
74
74
74
74
73
74
73
72
74
72
69
70
70
68
68
65
69
69
72
71
71
71
70
71
72
72
70
68
67
67
67
68
70
72
72
73
71
66
65
63
61
59
63
64
64
63
64
63
67
67
63
63
61
60
63
64
64
62
62
63
62
61
61
62
61
64
69
70
67
66
66
66
66
63
63
65
66
66
67
62
62
60
63
63
66
63
63
63
62
61
62
62
62
61
63
63
64
65
67
62
59
59
59
59
57
53
53
