0
0
1
2
1
2
2
2
3
0
2
4
5
2
2
6
6
9
9
5
11
7
9
11
10
9
12
12
10
10
12
13
14
14
13
17
9
18
12
15
16
14
16
17
15
17
17
17
17
21
19
18
20
15
21
22
21
24
19
20
23
21
22
24
24
24
27
24
24
25
26
26
27
25
29
30
26
29
30
30
30
30
31
32
33
31
32
33
34
36
37
38
36
34
39
36
37
31
39
36
39
40
38
38
39
38
40
40
41
40
40
41
42
42
37
47
41
43
44
44
44
45
49
45
46
48
47
47
43
47
50
51
45
51
48
50
47
53
48
54
53
47
52
53
50
54
53
53
54
52
56
60
56
57
55
56
56
56
53
57
59
58
57
59
62
57
63
60
62
61
61
61
62
61
59
61
63
63
64
60
66
69
68
65
65
68
68
67
67
64
67
70
67
67
70
69
69
70
72
73
71
68
71
72
71
73
74
74
73
73
74
74
73
74
74
75
76
79
76
76
77
78
80
78
78
76
82
79
80
79
81
80
82
82
81
80
80
79
82
82
83
83
83
84
86
84
85
85
86
84
86
85
85
89
86
87
90
86
85
88
87
86
90
87
90
89
91
88
91
90
91
93
90
90
94
94
92
92
94
95
94
94
94
96
97
94
94
96
96
97
94
93
97
98
101
98
99
97
99
99
100
104
99
98
101
103
96
102
102
101
101
102
103
103
101
102
103
103
102
105
103
106
102
104
107
106
106
106
107
107
109
111
108
108
111
109
109
110
110
110
109
111
109
112
111
109
110
112
112
116
113
113
114
112
113
113
114
116
116
114
116
115
116
116
115
116
118
117
114
113
120
117
117
118
120
118
116
120
119
120
123
119
120
119
122
120
123
121
116
119
124
125
121
122
122
122
121
124
121
124
125
122
124
121
124
120
127
124
126
127
125
127
130
127
127
123
126
129
128
125
127
130
131
132
130
127
133
131
132
128
126
132
130
132
131
129
133
131
133
132
131
133
134
133
133
135
132
131
132
134
133
136
135
130
133
135
133
141
136
136
136
138
141
133
141
135
137
138
135
140
142
142
138
139
139
139
140
141
142
140
140
142
141
141
141
137
139
143
140
142
140
141
140
146
143
142
142
143
145
144
145
142
144
142
147
145
148
149
144
147
144
145
148
141
147
147
152
146
143
150
146
148
148
150
148
148
148
147
149
151
149
149
152
150
152
150
151
150
151
151
152
153
150
151
150
150
147
154
148
151
152
154
152
155
151
153
149
154
153
154
155
150
150
154
154
155
151
153
152
153
156
155
157
158
159
155
156
158
155
157
153
162
156
160
154
161
158
157
162
159
157
156
159
159
159
162
163
157
157
160
160
160
160
156
160
159
160
160
162
161
157
161
162
163
161
162
159
165
166
162
163
164
158
162
165
163
167
165
163
165
164
163
165
165
161
166
163
166
164
164
164
165
168
168
165
165
168
165
166
164
169
165
167
165
167
167
167
163
165
169
167
170
167
169
164
167
168
167
169
168
168
168
168
166
164
169
167
168
169
167
169
172
167
169
168
174
169
171
168
169
173
170
165
170
170
170
170
169
173
171
174
167
171
171
167
170
174
169
169
170
172
167
172
172
168
176
172
170
177
173
173
171
171
169
172
174
173
173
168
173
169
175
173
175
172
173
174
176
174
173
175
174
177
176
175
173
170
172
173
174
178
173
176
173
176
170
178
176
180
172
175
175
175
175
177
171
176
175
175
176
176
175
178
176
177
174
174
175
179
176
179
174
173
178
178
177
182
174
180
177
177
177
177
179
176
177
176
177
174
180
173
180
181
176
176
173
178
179
182
179
180
178
179
179
179
174
181
180
178
177
176
176
175
177
178
178
177
179
173
177
178
178
176
179
177
179
181
177
179
180
179
180
180
181
179
182
179
181
183
176
176
179
180
179
178
177
176
181
180
179
177
180
179
178
179
178
174
175
180
176
180
181
180
177
178
180
176
175
177
180
179
182
180
177
178
179
180
182
176
180
179
177
183
181
179
179
179
179
176
181
182
176
177
178
179
175
179
177
180
180
178
180
179
181
180
180
178
180
179
180
179
182
179
180
181
179
179
182
180
180
178
179
181
179
175
174
176
183
178
183
181
183
179
179
180
179
182
178
180
176
181
179
179
181
179
176
178
180
179
179
177
179
184
180
181
182
183
179
174
176
181
179
177
180
175
178
177
176
178
178
180
178
176
177
176
178
178
179
178
180
178
181
176
182
175
178
173
176
176
177
177
178
178
174
178
178
177
180
181
177
178
177
179
176
176
177
173
179
174
174
176
176
175
176
177
176
179
176
176
176
176
176
176
179
176
176
175
177
177
175
174
172
176
174
179
175
173
174
177
175
175
174
174
176
175
171
173
178
173
172
173
176
174
172
169
175
171
172
176
174
173
168
173
172
175
174
172
173
173
172
171
172
171
176
176
170
174
175
172
172
171
172
168
169
166
170
172
169
171
169
171
170
169
170
170
170
168
167
171
167
169
169
169
171
169
168
166
168
169
169
168
168
167
167
170
166
168
172
166
169
169
172
168
171
168
165
167
167
170
169
164
164
166
169
168
166
167
166
167
166
164
167
164
164
166
165
162
162
168
163
161
163
162
165
166
160
165
165
165
162
162
163
163
163
163
166
163
162
165
162
162
163
164
162
162
160
162
160
161
165
161
162
164
158
164
159
162
157
159
160
161
159
158
156
159
159
159
159
157
158
158
159
159
160
156
159
159
156
157
160
154
156
156
157
155
157
156
154
158
154
151
152
157
155
154
157
153
154
151
155
152
156
155
152
157
152
150
151
154
157
151
152
156
152
151
150
154
147
151
152
155
151
149
154
150
150
148
147
149
149
149
148
147
147
152
148
149
147
148
145
151
147
147
147
144
148
149
147
146
148
150
150
146
144
146
145
143
145
143
148
144
145
144
143
139
139
142
144
143
142
139
142
145
141
145
142
141
139
141
140
140
138
139
140
140
141
140
138
138
135
138
135
138
137
138
137
137
137
134
136
137
135
135
134
134
131
136
136
136
134
134
135
133
133
130
132
131
138
134
132
133
130
135
131
128
132
131
131
131
130
131
129
130
131
133
127
126
132
129
129
132
127
128
128
125
126
126
128
131
125
127
125
124
125
123
128
129
122
122
125
122
120
123
121
122
121
124
122
119
121
122
118
117
121
122
121
124
120
120
118
119
118
123
118
116
117
118
118
118
118
114
118
117
119
116
114
118
115
114
115
115
115
113
115
112
112
113
113
117
117
112
113
111
115
111
113
109
108
109
111
114
110
112
110
110
108
110
106
106
107
107
107
108
109
109
104
107
106
107
105
108
105
102
105
101
102
103
103
104
107
105
103
102
101
102
101
99
95
100
100
97
102
102
103
95
96
96
98
94
98
97
97
97
96
96
94
97
100
98
94
91
90
95
97
88
96
88
93
88
92
91
91
94
88
90
89
92
88
94
89
87
86
88
90
88
89
84
88
86
88
84
87
86
84
85
82
82
82
85
82
81
80
80
82
78
77
79
78
79
76
79
79
78
81
78
75
74
77
77
79
74
76
78
76
72
77
71
74
73
74
75
73
76
73
73
73
70
71
71
67
71
70
70
67
69
70
68
70
66
67
67
68
68
66
68
65
66
65
66
66
63
67
64
64
62
65
63
63
57
62
58
60
57
63
60
60
57
60
58
58
58
52
57
56
60
60
56
56
57
54
55
57
54
58
55
55
52
54
50
52
54
50
49
49
50
49
49
49
49
43
49
47
45
49
46
47
49
40
47
45
46
44
42
44
43
42
39
43
42
41
43
41
39
40
42
35
40
35
40
36
39
33
37
36
35
35
36
32
33
31
34
36
33
35
32
32
35
33
30
28
30
29
30
30
27
32
27
27
26
26
27
26
24
26
25
22
24
24
18
23
21
22
19
22
18
21
20
20
19
20
14
22
17
20
19
18
17
13
20
15
15
18
14
16
13
14
14
12
11
13
11
13
11
11
11
7
11
9
8
11
11
6
9
9
6
5
9
7
4
0
2
3
0
5
2
0
2
4
3
0
