20
23
24
21
23
25
26
24
33
36
36
37
35
38
39
41
45
46
48
49
51
52
56
53
57
58
59
64
63
61
72
73
74
76
89
66
73
64
65
88
73
74
69
74
65
68
60
66
72
62
76
96
74
74
70
69
59
65
67
81
81
64
78
57
64
69
69
73
83
77
76
84
68
87
81
77
71
81
70
91
82
74
62
66
71
78
82
63
84
44
48
58
77
65
63
66
68
63
86
85
73
90
67
75
69
81
87
89
79
73
56
60
75
65
65
64
54
69
62
84
70
93
62
81
64
68
79
88
90
85
82
72
69
75
82
62
74
63
49
62
55
58
71
57
55
75
92
76
62
61
57
59
80
83
93
73
74
76
71
71
74
62
80
72
92
65
57
61
74
78
58
67
69
75
96
93
85
75
67
67
75
78
64
80
96
70
81
66
63
64
70
66
80
78
84
78
89
75
94
60
54
59
70
61
74
76
87
82
84
80
81
90
79
74
67
55
45
82
48
54
73
68
64
77
65
63
73
86
59
68
87
63
81
75
77
81
69
59
63
70
70
57
70
70
73
70
73
69
64
78
78
74
86
71
72
88
72
73
77
68
71
69
82
75
98
79
111
86
89
84
80
66
78
85
74
71
69
64
70
76
60
77
69
79
88
80
76
86
93
89
84
77
86
76
72
63
75
67
75
68
63
77
59
74
69
88
69
91
74
75
80
78
89
92
51
75
70
60
71
84
72
79
68
75
70
56
64
64
62
86
80
91
92
69
92
68
72
83
66
78
64
73
64
64
56
60
72
79
72
68
64
75
116
134
127
97
111
85
76
71
87
84
79
97
85
69
66
66
95
68
79
76
87
85
81
81
75
79
60
79
74
86
70
70
84
66
76
92
78
60
82
71
78
67
59
54
71
62
60
73
84
78
63
63
66
50
69
66
57
61
75
57
46
64
73
69
54
60
60
50
56
71
56
75
79
59
67
42
49
45
54
54
70
71
67
59
80
77
84
90
67
62
76
76
78
77
63
75
59
62
83
76
79
77
84
64
67
69
69
64
49
50
65
73
79
60
52
70
56
94
66
69
75
81
83
74
71
65
70
61
67
68
80
77
63
79
76
68
79
60
57
65
71
81
73
58
90
66
95
78
80
71
63
54
64
73
65
49
73
76
64
75
81
56
57
66
76
99
64
78
65
84
67
93
73
90
90
105
59
69
83
76
63
67
83
79
100
81
83
81
79
66
71
67
70
96
78
79
97
78
92
94
72
80
78
80
75
82
65
60
62
76
86
90
83
90
85
103
93
83
108
130
120
85
94
72
134
81
97
100
121
111
85
93
100
112
91
90
97
83
67
78
98
105
97
94
96
86
80
107
83
95
108
78
80
105
75
90
85
70
76
91
109
102
68
81
102
116
143
104
140
76
71
111
140
128
82
82
96
91
89
89
104
122
125
134
114
74
149
131
106
115
133
142
130
136
131
154
155
126
136
79
69
117
129
115
105
97
158
152
143
103
107
138
174
135
83
120
151
133
138
131
110
121
143
133
141
157
137
132
136
156
136
127
123
110
124
121
135
127
146
124
131
128
136
165
120
93
104
70
64
91
104
91
76
88
130
161
130
112
126
118
97
92
149
127
79
75
78
93
100
123
129
102
83
99
141
115
125
118
105
73
83
123
144
109
135
166
138
120
138
89
96
134
129
136
125
131
120
113
94
89
92
104
120
122
105
98
92
135
137
118
103
137
158
155
143
116
136
126
102
138
140
162
116
137
149
133
143
143
139
111
145
145
123
113
149
177
125
111
123
119
113
144
125
110
124
137
111
119
129
82
119
109
106
74
78
86
127
104
129
161
130
135
161
156
141
151
139
146
140
108
116
133
113
142
106
136
158
135
147
154
165
146
144
127
138
147
133
159
165
143
151
139
129
162
131
158
138
143
121
149
118
130
126
141
136
114
119
115
120
107
130
127
125
126
149
156
120
122
124
136
135
164
154
153
146
175
162
160
130
138
166
134
147
157
177
136
154
155
137
154
137
139
168
150
142
170
136
144
132
136
163
162
174
203
176
137
162
176
170
146
201
168
154
153
173
133
122
137
139
154
155
166
128
143
175
177
165
160
146
159
166
163
166
161
187
189
184
164
182
159
175
201
206
172
142
179
169
145
141
177
186
185
183
168
192
250
194
178
184
176
183
182
179
149
170
199
159
192
177
220
177
186
140
183
183
168
157
184
188
255
230
197
188
226
225
195
198
157
154
174
180
181
121
162
138
158
155
149
148
199
199
195
163
239
198
184
213
231
184
195
196
176
178
187
210
159
146
191
198
169
197
195
237
199
220
186
170
200
242
227
220
228
226
214
176
181
209
175
166
216
185
186
181
196
188
209
202
158
138
147
184
186
195
184
185
167
144
177
201
184
187
177
152
169
175
163
169
208
194
223
220
200
150
200
189
179
166
157
198
225
210
210
198
214
213
191
197
192
153
202
161
181
185
184
184
174
135
183
197
161
158
154
185
147
173
191
160
177
236
260
179
237
231
216
187
171
144
217
186
197
180
200
210
166
191
160
178
230
203
232
208
215
212
183
189
218
223
213
212
235
241
213
182
242
214
234
220
198
207
224
224
232
278
195
247
190
196
184
161
170
218
242
210
182
163
162
162
149
161
179
217
196
205
207
218
218
218
230
207
225
210
179
169
141
121
182
216
194
168
176
160
145
172
201
212
219
181
213
228
165
165
188
194
261
220
217
179
231
186
170
187
152
146
154
162
154
158
191
202
206
201
214
211
206
196
235
197
193
181
166
159
149
185
180
165
161
206
177
176
197
191
212
228
215
210
211
217
213
208
172
165
137
144
144
146
183
162
174
160
186
214
171
166
188
183
197
186
156
175
180
161
143
154
151
179
189
227
193
235
194
190
208
206
190
224
200
193
176
164
198
214
206
195
214
215
217
168
186
142
130
141
163
139
133
134
143
153
149
155
122
138
137
163
159
163
139
136
155
165
170
191
162
149
164
141
140
137
148
139
198
177
170
155
153
142
156
139
147
137
134
124
141
155
148
159
170
153
156
150
159
152
177
161
159
158
136
159
156
177
156
151
158
161
136
150
146
168
146
142
122
131
135
174
173
172
166
165
160
162
168
178
176
135
160
147
137
128
144
173
129
152
145
149
132
142
180
143
140
134
131
151
153
156
138
157
155
148
144
146
163
155
166
148
157
163
141
139
143
162
153
122
58
154
156
142
150
135
160
165
170
150
150
150
131
124
145
129
125
126
160
168
125
129
155
133
120
106
120
156
147
177
168
152
164
137
141
134
130
159
163
139
128
143
156
152
146
132
134
128
126
102
93
